[gd_scene load_steps=52 format=3 uid="uid://d1s048mumxyuh"]

[ext_resource type="PackedScene" uid="uid://cc5fvw3tlma6w" path="res://scenes/level groups/non_playable_area.tscn" id="2_2ncwk"]
[ext_resource type="PackedScene" uid="uid://djlxy14ltetd6" path="res://scenes/level groups/level_group.tscn" id="2_gsy5m"]
[ext_resource type="Material" uid="uid://bgq1teoretycj" path="res://materials/sand.tres" id="2_r0s2q"]
[ext_resource type="PackedScene" uid="uid://351ma0g0bcvy" path="res://scenes/level groups/spawn_location.tscn" id="3_cve25"]
[ext_resource type="PackedScene" uid="uid://6c3sxht652g0" path="res://scenes/level_objects/u_shape.tscn" id="4_5baaq"]
[ext_resource type="PackedScene" uid="uid://d2s65plx0h5fy" path="res://scenes/level groups/hole.tscn" id="4_5hynr"]
[ext_resource type="PackedScene" uid="uid://dkq7bwcakgjgq" path="res://scenes/level_objects/row_shape.tscn" id="5_0dbu2"]
[ext_resource type="PackedScene" uid="uid://co72gw4aw7535" path="res://scenes/level groups/out_of_bounds_area.tscn" id="6_43mnn"]
[ext_resource type="PackedScene" uid="uid://5lmwf1igroec" path="res://scenes/level_objects/booster_pad.tscn" id="6_ruk64"]
[ext_resource type="PackedScene" uid="uid://v2yw53x48s0y" path="res://scenes/decorations/sand/sandstone_wall.tscn" id="7_3xy4j"]
[ext_resource type="PackedScene" uid="uid://cjwyjfgwxeesi" path="res://scenes/level_objects/left_right_split.tscn" id="9_jcr6w"]
[ext_resource type="PackedScene" uid="uid://d1wsley1bdp6m" path="res://scenes/level_objects/empty_grass.tscn" id="9_sfq84"]
[ext_resource type="PackedScene" uid="uid://c80lp440b60i1" path="res://scenes/level_objects/corner_shape.tscn" id="10_g6ki5"]
[ext_resource type="PhysicsMaterial" uid="uid://dw4nkl265yvxp" path="res://physics/grass_phys_mat.tres" id="12_nddy6"]
[ext_resource type="PhysicsMaterial" uid="uid://bjet2vq1wxjo5" path="res://physics/border_phys_mat.tres" id="14_4gxrc"]
[ext_resource type="PackedScene" uid="uid://cuievupfktjng" path="res://scenes/decorations/sand/pyramid.tscn" id="14_p0s4p"]
[ext_resource type="Material" uid="uid://capwlvd6rcg5s" path="res://materials/wood.tres" id="15_mx2a7"]
[ext_resource type="PackedScene" uid="uid://bv7npcc56ram" path="res://scenes/decorations/fire.tscn" id="15_qxalo"]
[ext_resource type="PackedScene" uid="uid://ddoopcmumydki" path="res://scenes/decorations/sand/sandstone_wall_passage.tscn" id="15_xy7lt"]
[ext_resource type="PackedScene" uid="uid://bjkudogg2s2m4" path="res://scenes/decorations/torch.tscn" id="16_ypp7m"]
[ext_resource type="PackedScene" uid="uid://dyhm42mnovvd5" path="res://scenes/decorations/sand/sandstone_wall_hole.tscn" id="17_m76vy"]
[ext_resource type="Material" uid="uid://cckdy23j2537n" path="res://materials/course_grass.tres" id="17_xrs6o"]
[ext_resource type="PackedScene" uid="uid://bd5fsppet6yq4" path="res://scenes/decorations/dartboard.tscn" id="19_xiqia"]

[sub_resource type="Gradient" id="Gradient_jge0s"]
offsets = PackedFloat32Array(0, 0.0468227, 0.849498)
colors = PackedColorArray(0, 0, 0, 1, 0.034105, 0.0366628, 0.00395185, 1, 1, 1, 1, 1)

[sub_resource type="GradientTexture1D" id="GradientTexture1D_wkyx3"]
gradient = SubResource("Gradient_jge0s")

[sub_resource type="ProceduralSkyMaterial" id="ProceduralSkyMaterial_qqnfk"]
sky_top_color = Color(0.207843, 0.454902, 0.729412, 1)
sky_horizon_color = Color(0.77451, 0.80098, 0.829412, 1)
ground_bottom_color = Color(0.890196, 0.74902, 0.588235, 1)
ground_horizon_color = Color(0.77451, 0.80098, 0.829412, 1)

[sub_resource type="Sky" id="Sky_e2ypb"]
sky_material = SubResource("ProceduralSkyMaterial_qqnfk")

[sub_resource type="Environment" id="Environment_vltua"]
background_mode = 2
sky = SubResource("Sky_e2ypb")
ambient_light_sky_contribution = 0.3
tonemap_mode = 2
tonemap_exposure = 0.9
tonemap_white = 2.85
adjustment_enabled = true
adjustment_color_correction = SubResource("GradientTexture1D_wkyx3")

[sub_resource type="BoxMesh" id="BoxMesh_yr64q"]
material = ExtResource("2_r0s2q")
size = Vector3(80, 1, 80)

[sub_resource type="BoxShape3D" id="BoxShape3D_wv4kq"]
size = Vector3(80, 1, 80)

[sub_resource type="BoxShape3D" id="BoxShape3D_1exik"]
size = Vector3(80, 1, 80)

[sub_resource type="BoxShape3D" id="BoxShape3D_74c8q"]
size = Vector3(30, 2.6991, 30)

[sub_resource type="BoxShape3D" id="BoxShape3D_6731j"]
size = Vector3(18.0759, 9.70023, 47.8904)

[sub_resource type="BoxShape3D" id="BoxShape3D_538ax"]
size = Vector3(15.8359, 6.02191, 53.9198)

[sub_resource type="BoxMesh" id="BoxMesh_r1ewg"]
size = Vector3(3, 1, 3)

[sub_resource type="BoxMesh" id="BoxMesh_5wdkm"]
size = Vector3(6, 1, 3)

[sub_resource type="BoxShape3D" id="BoxShape3D_1o2gk"]
size = Vector3(17.2438, 17.6775, 61.2875)

[sub_resource type="BoxMesh" id="BoxMesh_2x07w"]
material = ExtResource("17_xrs6o")
size = Vector3(3, 0.02, 3)

[sub_resource type="BoxShape3D" id="BoxShape3D_tixbd"]
size = Vector3(3, 0.02, 3)

[sub_resource type="BoxMesh" id="BoxMesh_08xn0"]
material = ExtResource("15_mx2a7")
size = Vector3(0.1, 0.4, 3)

[sub_resource type="BoxShape3D" id="BoxShape3D_khsn5"]
size = Vector3(0.1, 0.4, 3)

[sub_resource type="BoxShape3D" id="BoxShape3D_3s758"]
size = Vector3(3, 0.1, 0.4)

[sub_resource type="BoxShape3D" id="BoxShape3D_ervh3"]
size = Vector3(0.915, 0.2, 0.5)

[sub_resource type="BoxMesh" id="BoxMesh_ovebc"]
material = ExtResource("17_xrs6o")
size = Vector3(3, 0.02, 3)

[sub_resource type="BoxShape3D" id="BoxShape3D_lwmhs"]
size = Vector3(3, 0.02, 3)

[sub_resource type="BoxMesh" id="BoxMesh_ne877"]
material = ExtResource("15_mx2a7")
size = Vector3(0.1, 0.4, 3)

[sub_resource type="BoxShape3D" id="BoxShape3D_i7gqd"]
size = Vector3(0.1, 0.4, 3)

[sub_resource type="BoxMesh" id="BoxMesh_454ef"]
size = Vector3(3.325, 0.5, 6.31)

[sub_resource type="BoxMesh" id="BoxMesh_myyvy"]
size = Vector3(5, 0.5, 5)

[sub_resource type="BoxMesh" id="BoxMesh_birme"]
size = Vector3(3, 10, 3)

[sub_resource type="BoxMesh" id="BoxMesh_1go43"]

[node name="World3" type="Node3D"]

[node name="DirectionalLight3D" type="DirectionalLight3D" parent="."]
transform = Transform3D(-0.866023, -0.433016, 0.250001, 0, 0.499998, 0.866027, -0.500003, 0.749999, -0.43301, 0, 0, 0)
shadow_enabled = true

[node name="WorldEnvironment" type="WorldEnvironment" parent="."]
environment = SubResource("Environment_vltua")

[node name="WorldDecor" type="Node3D" parent="."]

[node name="Pyramid" parent="WorldDecor" instance=ExtResource("14_p0s4p")]
transform = Transform3D(2.26, 0, 0, 0, 2.26, 0, 0, 0, 2.26, 6.19248, -9.53674e-07, -1.3731)

[node name="WorldFloor" type="StaticBody3D" parent="." groups=["Sand"]]
transform = Transform3D(1, 0, 0, 0, 1, 0, 0, 0, 1, 0, -0.5, 0)

[node name="MeshInstance3D" type="MeshInstance3D" parent="WorldFloor"]
mesh = SubResource("BoxMesh_yr64q")

[node name="CollisionShape3D" type="CollisionShape3D" parent="WorldFloor"]
shape = SubResource("BoxShape3D_wv4kq")

[node name="NonPlayableArea" parent="." instance=ExtResource("2_2ncwk")]

[node name="CollisionShape3D" type="CollisionShape3D" parent="NonPlayableArea"]
transform = Transform3D(1, 0, 0, 0, 1, 0, 0, 0, 1, 0, -0.5, 0)
shape = SubResource("BoxShape3D_1exik")

[node name="CollisionShape3D2" type="CollisionShape3D" parent="NonPlayableArea"]
transform = Transform3D(1, 0, 0, 0, 1, 0, 0, 0, 1, 6.192, 0.0995483, -1.373)
shape = SubResource("BoxShape3D_74c8q")

[node name="LevelGroup1" parent="." instance=ExtResource("2_gsy5m")]
transform = Transform3D(0.995448, 0, 0.0953072, 0, 1, 0, -0.0953072, 0, 0.995448, -21.3769, 0, -26.2085)

[node name="Hole" parent="LevelGroup1" instance=ExtResource("4_5hynr")]
transform = Transform3D(-0.5, 0, -0.866025, 0, 1, 0, 0.866025, 0, -0.5, 0, 1, 24.25)

[node name="SpawnLocation" parent="LevelGroup1" instance=ExtResource("3_cve25")]

[node name="OutOfBoundsArea" parent="LevelGroup1" instance=ExtResource("6_43mnn")]

[node name="CollisionShape3D" type="CollisionShape3D" parent="LevelGroup1/OutOfBoundsArea"]
transform = Transform3D(0.999979, 0, 1.49012e-08, 0, 1, 0, -1.49012e-08, 0, 0.999979, -2.86176, 4.35011, 19.9134)
shape = SubResource("BoxShape3D_6731j")

[node name="CourseDecor" type="Node3D" parent="LevelGroup1"]

[node name="SandstoneWall2" parent="LevelGroup1/CourseDecor" instance=ExtResource("7_3xy4j")]
transform = Transform3D(-0.952725, 0, 0.303834, 0, 1, 0, -0.303834, 0, -0.952725, -3.56022, 0, 24.5323)

[node name="SandstoneWall" parent="LevelGroup1/CourseDecor" instance=ExtResource("15_xy7lt")]
transform = Transform3D(-0.999212, 0, -0.0396785, 0, 1, 0, 0.0396785, 0, -0.999212, 3.03826, 0, 24.1983)

[node name="Torch" parent="LevelGroup1/CourseDecor" instance=ExtResource("16_ypp7m")]
transform = Transform3D(0.995448, 0, -0.0953072, 0, 1, 0, 0.0953072, 0, 0.995448, 4.38004, 2.44242, 25.2247)

[node name="Course" type="Node3D" parent="LevelGroup1"]

[node name="UShape" parent="LevelGroup1/Course" instance=ExtResource("4_5baaq")]
transform = Transform3D(-1, 0, -8.74228e-08, 0, 1, 0, 8.74228e-08, 0, -1, 0, 0, 0)

[node name="RowShape" parent="LevelGroup1/Course" instance=ExtResource("5_0dbu2")]
transform = Transform3D(1, 0, 0, 0, 1, 0, 0, 0, 1, 0, 0, 3)

[node name="EmptyGrass" parent="LevelGroup1/Course" instance=ExtResource("9_sfq84")]
transform = Transform3D(1, 0, 0, 0, 1, 0, 0, 0, 1, 0, 0, 6)

[node name="CornerShape" parent="LevelGroup1/Course" instance=ExtResource("10_g6ki5")]
transform = Transform3D(-1, 0, -8.74228e-08, 0, 1, 0, 8.74228e-08, 0, -1, 3, 0, 6)

[node name="CornerShape2" parent="LevelGroup1/Course" instance=ExtResource("10_g6ki5")]
transform = Transform3D(-4.37114e-08, 0, -1, 0, 1, 0, 1, 0, -4.37114e-08, -3, 0, 6)

[node name="BoosterPad" parent="LevelGroup1/Course" instance=ExtResource("6_ruk64")]
transform = Transform3D(1, 0, 0, 0, 0.97437, 0.224951, 0, -0.224951, 0.97437, 3, 0.304601, 8.81904)
boost_strength = 1.0

[node name="BoosterPad2" parent="LevelGroup1/Course" instance=ExtResource("6_ruk64")]
transform = Transform3D(1, 0, 0, 0, 0.97437, 0.224951, 0, -0.224951, 0.97437, -3, 0.305, 8.819)

[node name="UShape6" parent="LevelGroup1/Course" instance=ExtResource("4_5baaq")]
transform = Transform3D(-4.37114e-08, 0, 1, 0, 1, 0, -1, 0, -4.37114e-08, 3, 1, 21)

[node name="UShape5" parent="LevelGroup1/Course" instance=ExtResource("4_5baaq")]
transform = Transform3D(-4.37114e-08, 0, -1, 0, 1, 0, 1, 0, -4.37114e-08, -3, 1, 21)

[node name="LeftRightSplit" parent="LevelGroup1/Course" instance=ExtResource("9_jcr6w")]
transform = Transform3D(-1, 0, -8.74228e-08, 0, 1, 0, 8.74228e-08, 0, -1, 0, 1, 21)

[node name="UShape2" parent="LevelGroup1/Course" instance=ExtResource("4_5baaq")]
transform = Transform3D(1, 0, 0, 0, 1, 0, 0, 0, 1, 0, 1, 24)

[node name="RowShape3" parent="LevelGroup1/Course" instance=ExtResource("5_0dbu2")]
transform = Transform3D(1, 0, 0, 0, 1, 0, 0, 0, 1, 0, 0, 9)

[node name="UShape3" parent="LevelGroup1/Course" instance=ExtResource("4_5baaq")]
transform = Transform3D(-4.37114e-08, 0, -1, 0, 1, 0, 1, 0, -4.37114e-08, -3, 0, 12)

[node name="UShape4" parent="LevelGroup1/Course" instance=ExtResource("4_5baaq")]
transform = Transform3D(-4.37114e-08, 0, 1, 0, 1, 0, -1, 0, -4.37114e-08, 3, 0, 12)

[node name="LeftRightSplit2" parent="LevelGroup1/Course" instance=ExtResource("9_jcr6w")]
transform = Transform3D(1, 0, 0, 0, 1, 0, 0, 0, 1, 0, 0, 12)

[node name="LevelGroup2" parent="." instance=ExtResource("2_gsy5m")]
transform = Transform3D(1, 0, 0, 0, 1, 0, 0, 0, 1, 31.316, 0.842619, 29.9352)

[node name="Hole" parent="LevelGroup2" instance=ExtResource("4_5hynr")]
transform = Transform3D(1, 0, 0, 0, 1, 0, 0, 0, 1, 0, 0.0251617, -30)

[node name="SpawnLocation" parent="LevelGroup2" instance=ExtResource("3_cve25")]
transform = Transform3D(1, 0, 1.74846e-07, 0, 1, 0, -1.74846e-07, 0, 1, 0, 1, 0)

[node name="OutOfBoundsArea" parent="LevelGroup2" instance=ExtResource("6_43mnn")]

[node name="CollisionShape3D" type="CollisionShape3D" parent="LevelGroup2/OutOfBoundsArea"]
transform = Transform3D(1, 0, 0, 0, 1, 0, 0, 0, 1, 0.32583, 1.68716, -18.9905)
shape = SubResource("BoxShape3D_538ax")

[node name="Course" type="Node3D" parent="LevelGroup2"]

[node name="RowShape" parent="LevelGroup2/Course" instance=ExtResource("5_0dbu2")]
transform = Transform3D(-4.37114e-08, 0, 1, 0, 1, 0, -1, 0, -4.37114e-08, 0, 1, 0)

[node name="CornerShape" parent="LevelGroup2/Course" instance=ExtResource("10_g6ki5")]
transform = Transform3D(-4.37114e-08, 0, 1, 0, 1, 0, -1, 0, -4.37114e-08, 3, 1, 0)

[node name="CornerShape2" parent="LevelGroup2/Course" instance=ExtResource("10_g6ki5")]
transform = Transform3D(1, 0, 0, 0, 1, 0, 0, 0, 1, -3, 1, 0)

[node name="BoosterPad" parent="LevelGroup2/Course" instance=ExtResource("6_ruk64")]
transform = Transform3D(-1, 1.51808e-08, -8.60946e-08, 0, 0.984808, 0.173648, 8.74228e-08, 0.173648, -0.984808, -3, 1.25131, -2.89614)
boost_strength = 1.0

[node name="LeftRightSplit" parent="LevelGroup2/Course" instance=ExtResource("9_jcr6w")]
transform = Transform3D(1, 0, 0, 0, 1, 0, 0, 0, 1, 0, -0.8, -24)

[node name="UShape" parent="LevelGroup2/Course" instance=ExtResource("4_5baaq")]
transform = Transform3D(-4.37114e-08, 0, -1, 0, 1, 0, 1, 0, -4.37114e-08, -3, -0.8, -24)

[node name="UShape2" parent="LevelGroup2/Course" instance=ExtResource("4_5baaq")]
transform = Transform3D(-4.37114e-08, 0, 1, 0, 1, 0, -1, 0, -4.37114e-08, 3, -0.8, -24)

[node name="RowShape2" parent="LevelGroup2/Course" instance=ExtResource("5_0dbu2")]
transform = Transform3D(1, 0, 0, 0, 0.965926, -0.258819, 0, 0.258819, 0.965926, 0, -0.413772, -26.8707)

[node name="UShape3" parent="LevelGroup2/Course" instance=ExtResource("4_5baaq")]
transform = Transform3D(-1, 0, 8.74228e-08, 0, 1, 0, -8.74228e-08, 0, -1, 0, -0.0266016, -29.816)

[node name="SandstoneWall" parent="LevelGroup2/Course" instance=ExtResource("17_m76vy")]
transform = Transform3D(1, 0, 0, 0, 1, 0, 0, 0, 1, -3.12894, 0.239094, -5.80023)

[node name="SandstoneWall3" parent="LevelGroup2/Course" instance=ExtResource("17_m76vy")]
transform = Transform3D(1, 0, 0, 0, 1, 0, 0, 0, 1, -3.12894, 0.239094, -10.8002)

[node name="BoosterPad2" parent="LevelGroup2/Course" instance=ExtResource("6_ruk64")]
transform = Transform3D(-1, 1.51808e-08, -8.60946e-08, 0, 0.984808, 0.173648, 8.74228e-08, 0.173648, -0.984808, 3, 1.25131, -2.89614)
boost_strength = 1.0

[node name="SandstoneWall2" parent="LevelGroup2/Course" instance=ExtResource("17_m76vy")]
transform = Transform3D(1, 0, 0, 0, 1, 0, 0, 0, 1, 2.87106, 0.239094, -5.80023)

[node name="SandstoneWall4" parent="LevelGroup2/Course" instance=ExtResource("17_m76vy")]
transform = Transform3D(1, 0, 0, 0, 1, 0, 0, 0, 1, 2.87106, 0.239094, -10.8002)

[node name="CourseDecor" type="Node3D" parent="LevelGroup2"]

[node name="Torch" parent="LevelGroup2/CourseDecor" instance=ExtResource("16_ypp7m")]
transform = Transform3D(1, 0, 0, 0, 1, 0, 0, 0, 1, -2.24887, 1.43909, -9.64305)

[node name="Torch2" parent="LevelGroup2/CourseDecor" instance=ExtResource("16_ypp7m")]
transform = Transform3D(1, 0, 0, 0, 1, 0, 0, 0, 1, 2.00215, 1.43909, -9.40034)

[node name="FireApplier" parent="LevelGroup2/CourseDecor" instance=ExtResource("15_qxalo")]
transform = Transform3D(1, 0, 0, 0, 1, 0, 0, 0, 1, -3.12063, 1.29196, -10.781)

[node name="FireApplier2" parent="LevelGroup2/CourseDecor" instance=ExtResource("15_qxalo")]
transform = Transform3D(1, 0, 0, 0, 1, 0, 0, 0, 1, 2.89498, 1.25111, -10.781)

[node name="BlockOut" type="Node3D" parent="LevelGroup2"]
transform = Transform3D(1, 0, 0, 0, 1, 0, 0, 0, 1, -1.83039, 0, 0)
visible = false

[node name="MeshInstance3D" type="MeshInstance3D" parent="LevelGroup2/BlockOut"]
transform = Transform3D(1, 0, 0, 0, 1, 0, 0, 0, 1, 1.83266, 0, 0)
mesh = SubResource("BoxMesh_r1ewg")

[node name="MeshInstance3D11" type="MeshInstance3D" parent="LevelGroup2/BlockOut"]
transform = Transform3D(1, 0, 0, 0, 1, 0, 0, 0, 1, 1.83266, 2.0915, -21.835)
mesh = SubResource("BoxMesh_r1ewg")

[node name="MeshInstance3D10" type="MeshInstance3D" parent="LevelGroup2/BlockOut"]
transform = Transform3D(1, 0, 0, 0, 0.939693, -0.34202, 0, 0.34202, 0.939693, 1.83266, 1.6102, -19.0974)
mesh = SubResource("BoxMesh_r1ewg")

[node name="MeshInstance3D12" type="MeshInstance3D" parent="LevelGroup2/BlockOut"]
transform = Transform3D(1, 0, 0, 0, 0.939693, -0.34202, 0, 0.34202, 0.939693, 1.83266, 0.592418, -16.2786)
mesh = SubResource("BoxMesh_r1ewg")

[node name="MeshInstance3D2" type="MeshInstance3D" parent="LevelGroup2/BlockOut"]
transform = Transform3D(0.866025, 0.5, 0, -0.5, 0.866025, 0, 0, 0, 1, -0.343529, 0.456803, -3)
mesh = SubResource("BoxMesh_r1ewg")

[node name="MeshInstance3D3" type="MeshInstance3D" parent="LevelGroup2/BlockOut"]
transform = Transform3D(0.866025, -0.5, 0, 0.5, 0.866025, 0, 0, 0, 1, 3.65647, 0.456803, -3)
mesh = SubResource("BoxMesh_r1ewg")

[node name="MeshInstance3D4" type="MeshInstance3D" parent="LevelGroup2/BlockOut"]
transform = Transform3D(0.866025, 0.5, 0, -0.5, 0.866025, 0, 0, 0, 1, -0.343529, 0.456803, -6)
mesh = SubResource("BoxMesh_r1ewg")

[node name="MeshInstance3D5" type="MeshInstance3D" parent="LevelGroup2/BlockOut"]
transform = Transform3D(0.866025, -0.5, 0, 0.5, 0.866025, 0, 0, 0, 1, 3.65647, 0.456803, -6)
mesh = SubResource("BoxMesh_r1ewg")

[node name="MeshInstance3D6" type="MeshInstance3D" parent="LevelGroup2/BlockOut"]
transform = Transform3D(0.866025, 0.5, 0, -0.5, 0.866025, 0, 0, 0, 1, -0.343529, 0.456803, -9)
mesh = SubResource("BoxMesh_r1ewg")

[node name="MeshInstance3D7" type="MeshInstance3D" parent="LevelGroup2/BlockOut"]
transform = Transform3D(0.866025, -0.5, 0, 0.5, 0.866025, 0, 0, 0, 1, 3.65647, 0.456803, -9)
mesh = SubResource("BoxMesh_r1ewg")

[node name="MeshInstance3D8" type="MeshInstance3D" parent="LevelGroup2/BlockOut"]
transform = Transform3D(0.866025, -0.5, 0, 0.5, 0.866025, 0, 0, 0, 1, 3.65647, 0.456803, -9)
mesh = SubResource("BoxMesh_r1ewg")

[node name="MeshInstance3D9" type="MeshInstance3D" parent="LevelGroup2/BlockOut"]
transform = Transform3D(1, 0, 0, 0, 1, 0, 0, 0, 1, 2, 0.283654, -13.9)
mesh = SubResource("BoxMesh_5wdkm")

[node name="LevelGroup3" parent="." instance=ExtResource("2_gsy5m")]
transform = Transform3D(0, 0, 1, 0, 1, 0, -1, 0, 0, -31, 0, 25)

[node name="Hole" parent="LevelGroup3" instance=ExtResource("4_5hynr")]
transform = Transform3D(-4.37114e-08, 0, -1, 0, 1, 0, 1, 0, -4.37114e-08, 2.99998, 2.05771, 37)

[node name="OutOfBoundsArea" parent="LevelGroup3" instance=ExtResource("6_43mnn")]

[node name="CollisionShape3D" type="CollisionShape3D" parent="LevelGroup3/OutOfBoundsArea"]
transform = Transform3D(1, 0, 0, 0, 1, 0, 0, 0, 1, 0.302418, 8.33875, 21.9997)
shape = SubResource("BoxShape3D_1o2gk")

[node name="SpawnLocation" parent="LevelGroup3" instance=ExtResource("3_cve25")]

[node name="Course" type="Node3D" parent="LevelGroup3"]

[node name="UShape" parent="LevelGroup3/Course" instance=ExtResource("4_5baaq")]
transform = Transform3D(-1, 0, 8.74228e-08, 0, 1, 0, -8.74228e-08, 0, -1, 0, 0, 0)

[node name="RowShape" parent="LevelGroup3/Course" instance=ExtResource("5_0dbu2")]
transform = Transform3D(1, 0, 0, 0, 0.939693, 0.34202, 0, -0.34202, 0.939693, 0, 0.497332, 2.85794)

[node name="RowShape3" parent="LevelGroup3/Course" instance=ExtResource("5_0dbu2")]
transform = Transform3D(1, 0, 0, 0, 0.939693, -0.34202, 0, 0.34202, 0.939693, 0, 0.496, 8.665)

[node name="RowShape2" parent="LevelGroup3/Course" instance=ExtResource("5_0dbu2")]
transform = Transform3D(1, 0, 0, 0, 1, 0, 0, 0, 1, 0, 1.00807, 5.76179)

[node name="CornerShape" parent="LevelGroup3/Course" instance=ExtResource("10_g6ki5")]
transform = Transform3D(8.74228e-08, 0, 1, 0, 1, 0, -1, 0, 8.74228e-08, 0, 0, 11.53)

[node name="CornerShape2" parent="LevelGroup3/Course" instance=ExtResource("10_g6ki5")]
transform = Transform3D(1, 0, -1.31134e-07, 0, 1, 0, 1.31134e-07, 0, 1, -3, 0, 11.53)

[node name="CornerShape3" parent="LevelGroup3/Course" instance=ExtResource("10_g6ki5")]
transform = Transform3D(-1.74846e-07, 0, -1, 0, 1, 0, 1, 0, -1.74846e-07, -3, 0, 5.53)

[node name="CornerShape4" parent="LevelGroup3/Course" instance=ExtResource("10_g6ki5")]
transform = Transform3D(-1, 0, 2.18557e-07, 0, 1, 0, -2.18557e-07, 0, -1, 2.99999, 0, 5.53)

[node name="RowShape4" parent="LevelGroup3/Course" instance=ExtResource("5_0dbu2")]
transform = Transform3D(1, 0, 0, 0, 1, 0, 0, 0, 1, -3, 0, 8.53)

[node name="RowShape7" parent="LevelGroup3/Course" instance=ExtResource("5_0dbu2")]
transform = Transform3D(-4.37114e-08, 0, 1, 0, 1, 0, -1, 0, -4.37114e-08, 0, 0, 5.53)

[node name="RowShape8" parent="LevelGroup3/Course" instance=ExtResource("5_0dbu2")]
transform = Transform3D(-1, 0, -8.74228e-08, 0, 1, 0, 8.74228e-08, 0, -1, 2.99999, 0, 8.53)

[node name="BoosterPad" parent="LevelGroup3/Course" instance=ExtResource("6_ruk64")]
transform = Transform3D(1, 0, 4.37114e-08, -1.13133e-08, 0.965926, 0.258819, -4.2222e-08, -0.258819, 0.965926, 2.99998, 0.374566, 11.3002)
boost_strength = 1.5

[node name="RowShape10" parent="LevelGroup3/Course" instance=ExtResource("5_0dbu2")]
transform = Transform3D(1, 0, 0, 0, 1, 0, 0, 0, 1, 2.99998, 2, 34)

[node name="UShape2" parent="LevelGroup3/Course" instance=ExtResource("4_5baaq")]
transform = Transform3D(1, 0, 0, 0, 1, 0, 0, 0, 1, 2.99998, 2, 37)

[node name="CourseDecor" type="Node3D" parent="LevelGroup3"]

[node name="Dartboard" parent="LevelGroup3/CourseDecor" instance=ExtResource("19_xiqia")]
transform = Transform3D(-1, 0, 4.37114e-08, 0, 1, 0, -4.37114e-08, 0, -1, 2.99998, 4, 32)

[node name="LevelGroup4" parent="." instance=ExtResource("2_gsy5m")]
transform = Transform3D(1, 0, 0, 0, 1, 0, 0, 0, 1, 5.64348, 1.33147, 7.73674)

[node name="SpawnLocation" parent="LevelGroup4" instance=ExtResource("3_cve25")]
transform = Transform3D(1, 0, 1.74846e-07, 0, 1, 0, -1.74846e-07, 0, 1, 0, 0.309, 1.25)

[node name="Hole" parent="LevelGroup4" instance=ExtResource("4_5hynr")]
transform = Transform3D(0.972808, 0, -0.231612, 0, 1, 0, 0.231612, 0, 0.972808, 8.194, 3.56038, -12.553)

[node name="OutOfBoundsArea" parent="LevelGroup4" instance=ExtResource("6_43mnn")]

[node name="Course" type="Node3D" parent="LevelGroup4"]

[node name="UShape" parent="LevelGroup4/Course" instance=ExtResource("4_5baaq")]
transform = Transform3D(1, 0, 0, 0, 1, 0, 0, 0, 1, 0, 0.30912, 1)

[node name="RowShape" parent="LevelGroup4/Course" instance=ExtResource("5_0dbu2")]
transform = Transform3D(1, 0, 0, 0, 0.949261, -0.31449, 0, 0.31449, 0.949261, 0, 0.691078, -1.47446)

[node name="SandstoneWall" parent="LevelGroup4/Course" instance=ExtResource("7_3xy4j")]
transform = Transform3D(0.894576, 0, -0.446916, 0, 1, 0, 0.446916, 0, 0.894576, 0.654664, -0.12601, -5.79187)

[node name="RowShape2" parent="LevelGroup4/Course" instance=ExtResource("5_0dbu2")]
transform = Transform3D(-4.37114e-08, 0, 1, 0, 1, 0, -1, 0, -4.37114e-08, -3.7, 1.6, -4.5)

[node name="CornerShape" parent="LevelGroup4/Course" instance=ExtResource("10_g6ki5")]
transform = Transform3D(1, 0, 0, 0, 1, 0, 0, 0, 1, -6.7, 1.6, -4.5)

[node name="UShape4" parent="LevelGroup4/Course" instance=ExtResource("4_5baaq")]
transform = Transform3D(0.3, 0, 0, 0, 0.3, 0, 0, 0, 0.3, -5.7, 3.101, -8.321)

[node name="UShape5" type="Node3D" parent="LevelGroup4/Course"]
transform = Transform3D(0.3, 0, 0, 0, 0.3, 0, 0, 0, 0.3, -7.7, 5.101, -11.721)

[node name="Grass" type="StaticBody3D" parent="LevelGroup4/Course/UShape5"]
physics_material_override = ExtResource("12_nddy6")

[node name="MeshInstance3D" type="MeshInstance3D" parent="LevelGroup4/Course/UShape5/Grass"]
mesh = SubResource("BoxMesh_2x07w")

[node name="CollisionShape3D" type="CollisionShape3D" parent="LevelGroup4/Course/UShape5/Grass"]
shape = SubResource("BoxShape3D_tixbd")

[node name="Corners" type="Node3D" parent="LevelGroup4/Course/UShape5"]

[node name="StaticBody3D" type="StaticBody3D" parent="LevelGroup4/Course/UShape5/Corners"]
transform = Transform3D(1, 0, 0, 0, 1, 0, 0, 0, 1, -1.5, 0, 0)
physics_material_override = ExtResource("14_4gxrc")

[node name="MeshInstance3D" type="MeshInstance3D" parent="LevelGroup4/Course/UShape5/Corners/StaticBody3D"]
transform = Transform3D(1, 0, 0, 0, 1, 0, 0, 0, 1, -0.001, 0, -0.001)
mesh = SubResource("BoxMesh_08xn0")

[node name="CollisionShape3D" type="CollisionShape3D" parent="LevelGroup4/Course/UShape5/Corners/StaticBody3D"]
shape = SubResource("BoxShape3D_khsn5")

[node name="StaticBody3D2" type="StaticBody3D" parent="LevelGroup4/Course/UShape5/Corners"]
transform = Transform3D(-4.37114e-08, 0, 1, 0, 1, 0, -1, 0, -4.37114e-08, 0, 0, 1.5)
physics_material_override = ExtResource("14_4gxrc")

[node name="MeshInstance3D" type="MeshInstance3D" parent="LevelGroup4/Course/UShape5/Corners/StaticBody3D2"]
transform = Transform3D(1, 0, 0, 0, 1, 0, 0, 0, 1, 0, 0.001, 0)
mesh = SubResource("BoxMesh_08xn0")

[node name="CollisionShape3D" type="CollisionShape3D" parent="LevelGroup4/Course/UShape5/Corners/StaticBody3D2"]
shape = SubResource("BoxShape3D_khsn5")

[node name="InvisibleRamp" type="StaticBody3D" parent="LevelGroup4/Course"]
transform = Transform3D(1, 0, 0, 0, 1, 0, 0, 0, 1, -6.5837, 1.64369, -5.91282)

[node name="CollisionShape3D" type="CollisionShape3D" parent="LevelGroup4/Course/InvisibleRamp"]
transform = Transform3D(1, 0, 0, 0, 0.970296, -0.241922, 0, 0.241922, 0.970296, -0.0912865, -0.0455139, -0.0466368)
shape = SubResource("BoxShape3D_3s758")

[node name="CollisionShape3D2" type="CollisionShape3D" parent="LevelGroup4/Course/InvisibleRamp"]
transform = Transform3D(1, 0, 0, 0, 0.970296, -0.241922, 0, 0.241922, 0.970296, 0.89831, 1.40506, -2.66938)
shape = SubResource("BoxShape3D_ervh3")

[node name="RowShape3" parent="LevelGroup4/Course" instance=ExtResource("5_0dbu2")]
transform = Transform3D(1, 0, 0, 0, 0.866025, -0.5, 0, 0.5, 0.866025, -6.7, 2.33967, -7.25342)

[node name="RowShape4" parent="LevelGroup4/Course" instance=ExtResource("5_0dbu2")]
transform = Transform3D(1, 0, 0, 0, 0.866025, -0.5, 0, 0.5, 0.866025, -6.7, 3.83967, -9.85341)

[node name="CornerShape2" parent="LevelGroup4/Course" instance=ExtResource("10_g6ki5")]
transform = Transform3D(-4.37114e-08, 0, -1, -0.5, 0.866025, 2.18557e-08, 0.866025, 0.5, -3.78552e-08, -6.7, 5.33967, -12.4534)

[node name="RowShape5" type="Node3D" parent="LevelGroup4/Course"]
transform = Transform3D(-4.37114e-08, 0, 1, 0.5, 0.866025, 2.18557e-08, -0.866025, 0.5, -3.78552e-08, -3.7, 5.33967, -12.4534)

[node name="Grass" type="StaticBody3D" parent="LevelGroup4/Course/RowShape5"]
physics_material_override = ExtResource("12_nddy6")

[node name="MeshInstance3D" type="MeshInstance3D" parent="LevelGroup4/Course/RowShape5/Grass"]
transform = Transform3D(1, -4.47035e-08, 0, 2.98023e-08, 1, 0, -3.55271e-15, 8.88178e-16, 1, 0, 0, 0)
mesh = SubResource("BoxMesh_ovebc")

[node name="CollisionShape3D" type="CollisionShape3D" parent="LevelGroup4/Course/RowShape5/Grass"]
transform = Transform3D(1, -2.98023e-08, 0, 2.98023e-08, 1, 0, -3.55271e-15, 1.77636e-15, 1, 0, 0, 0)
shape = SubResource("BoxShape3D_lwmhs")

[node name="Corners" type="Node3D" parent="LevelGroup4/Course/RowShape5"]

[node name="StaticBody3D3" type="StaticBody3D" parent="LevelGroup4/Course/RowShape5/Corners"]
transform = Transform3D(1, 0, 0, 0, 1, 0, 0, 0, 1, 1.5, 0, 0)
physics_material_override = ExtResource("14_4gxrc")

[node name="MeshInstance3D" type="MeshInstance3D" parent="LevelGroup4/Course/RowShape5/Corners/StaticBody3D3"]
transform = Transform3D(1, 0, 0, 0, 1, 0, 0, 0, 1, 0, -0.001, 0)
mesh = SubResource("BoxMesh_ne877")

[node name="CollisionShape3D" type="CollisionShape3D" parent="LevelGroup4/Course/RowShape5/Corners/StaticBody3D3"]
shape = SubResource("BoxShape3D_i7gqd")

[node name="RowShape6" type="Node3D" parent="LevelGroup4/Course"]
transform = Transform3D(-4.37114e-08, 0, 1, 0.5, 0.866025, 2.18557e-08, -0.866025, 0.5, -3.78552e-08, -0.7, 5.33967, -12.4534)

[node name="Grass" type="StaticBody3D" parent="LevelGroup4/Course/RowShape6"]
physics_material_override = ExtResource("12_nddy6")

[node name="MeshInstance3D" type="MeshInstance3D" parent="LevelGroup4/Course/RowShape6/Grass"]
transform = Transform3D(1, -2.98023e-08, 0, 2.98023e-08, 1, 0, -3.55271e-15, 1.77636e-15, 1, 0, 0, 0)
mesh = SubResource("BoxMesh_ovebc")

[node name="CollisionShape3D" type="CollisionShape3D" parent="LevelGroup4/Course/RowShape6/Grass"]
shape = SubResource("BoxShape3D_lwmhs")

[node name="Corners" type="Node3D" parent="LevelGroup4/Course/RowShape6"]

[node name="StaticBody3D3" type="StaticBody3D" parent="LevelGroup4/Course/RowShape6/Corners"]
transform = Transform3D(1, 0, 0, 0, 1, 0, 0, 0, 1, 1.5, 0, 0)
physics_material_override = ExtResource("14_4gxrc")

[node name="MeshInstance3D" type="MeshInstance3D" parent="LevelGroup4/Course/RowShape6/Corners/StaticBody3D3"]
transform = Transform3D(1, 0, 0, 0, 1, 0, 0, 0, 1, 0, -0.001, 0)
mesh = SubResource("BoxMesh_ne877")

[node name="CollisionShape3D" type="CollisionShape3D" parent="LevelGroup4/Course/RowShape6/Corners/StaticBody3D3"]
shape = SubResource("BoxShape3D_i7gqd")

[node name="UShape2" parent="LevelGroup4/Course" instance=ExtResource("4_5baaq")]
transform = Transform3D(-4.37114e-08, 0, -1, 0, 1, 0, 1, 0, -4.37114e-08, 2.3, 4.33967, -12.5534)

[node name="UShape3" parent="LevelGroup4/Course" instance=ExtResource("4_5baaq")]
transform = Transform3D(1.31134e-07, 0, 1, 0, 1, 0, -1, 0, 1.31134e-07, 8.19439, 3.56254, -12.5534)

[node name="RowShape7" parent="LevelGroup4/Course" instance=ExtResource("5_0dbu2")]
transform = Transform3D(-4.2222e-08, 0.258819, -0.965926, 1.13133e-08, 0.965926, 0.258819, 1, 0, -4.37114e-08, 5.24798, 3.95089, -12.5534)

[node name="BlockOut" type="Node3D" parent="LevelGroup4"]
visible = false

[node name="MeshInstance3D" type="MeshInstance3D" parent="LevelGroup4/BlockOut"]
transform = Transform3D(1, 0, 0, 0, 1, 0, 0, 0, 1, 0, 0, 3.12663)
mesh = SubResource("BoxMesh_454ef")
skeleton = NodePath("../..")

[node name="MeshInstance3D4" type="MeshInstance3D" parent="LevelGroup4/BlockOut"]
transform = Transform3D(-4.37114e-08, 0, 1, 0, 1, 0, -1, 0, -4.37114e-08, -5.18061, 1.55297, -4.5228)
mesh = SubResource("BoxMesh_454ef")
skeleton = NodePath("../..")

[node name="MeshInstance3D12" type="MeshInstance3D" parent="LevelGroup4/BlockOut"]
transform = Transform3D(0.225172, 0, 0.974319, 0, 1, 0, -0.974319, 0, 0.225172, 6.81939, 0.959741, -12.9658)
mesh = SubResource("BoxMesh_454ef")
skeleton = NodePath("../..")

[node name="MeshInstance3D8" type="MeshInstance3D" parent="LevelGroup4/BlockOut"]
transform = Transform3D(-4.37114e-08, 0, 1, 0, 1, 0, -1, 0, -4.37114e-08, -5.18061, 3.57561, -12.0754)
mesh = SubResource("BoxMesh_454ef")
skeleton = NodePath("../..")

[node name="MeshInstance3D9" type="MeshInstance3D" parent="LevelGroup4/BlockOut"]
transform = Transform3D(0.63251, -0.508508, -0.584252, 0.00862877, 0.758889, -0.651163, 0.774504, 0.406826, 0.484393, -3.07164, 4.86249, -13.4998)
mesh = SubResource("BoxMesh_454ef")
skeleton = NodePath("../..")

[node name="MeshInstance3D10" type="MeshInstance3D" parent="LevelGroup4/BlockOut"]
transform = Transform3D(0.738408, 0, -0.674354, 0, 1, 0, 0.674354, 0, 0.738408, 0.539097, 6.79437, -16.8514)
mesh = SubResource("BoxMesh_myyvy")
skeleton = NodePath("../..")

[node name="MeshInstance3D11" type="MeshInstance3D" parent="LevelGroup4/BlockOut"]
transform = Transform3D(1, 0, 0, 0, 1, 0, 0, 0, 1, 0.539097, -0.205633, -16.8514)
mesh = SubResource("BoxMesh_myyvy")
skeleton = NodePath("../..")

[node name="MeshInstance3D5" type="MeshInstance3D" parent="LevelGroup4/BlockOut"]
transform = Transform3D(1, 0, 0, 0, 0.924885, -0.380247, 0, 0.380247, 0.924885, -5.99868, 2.47349, -7.62734)
mesh = SubResource("BoxMesh_454ef")
skeleton = NodePath("../..")

[node name="MeshInstance3D2" type="MeshInstance3D" parent="LevelGroup4/BlockOut"]
transform = Transform3D(1, 0, 0, 0, 0.973984, -0.226617, 0, 0.226617, 0.973984, 0, 0.439201, 0)
mesh = SubResource("BoxMesh_454ef")
skeleton = NodePath("../..")

[node name="MeshInstance3D3" type="MeshInstance3D" parent="LevelGroup4/BlockOut"]
transform = Transform3D(0.897412, 0, -0.441193, 0, 1, 0, 0.441193, 0, 0.897412, 0.604748, -1.36984, -5.81744)
mesh = SubResource("BoxMesh_birme")
skeleton = NodePath("../..")

[node name="MeshInstance3D6" type="MeshInstance3D" parent="LevelGroup4/BlockOut"]
transform = Transform3D(1, 0, 0, 0, 0.977127, 0.212655, 0, -0.212655, 0.977127, -7.18248, 2.25728, -7.01089)
mesh = SubResource("BoxMesh_1go43")
skeleton = NodePath("../..")

[node name="MeshInstance3D7" type="MeshInstance3D" parent="LevelGroup4/BlockOut"]
transform = Transform3D(1, 0, 0, 0, 0.977127, 0.212655, 0, -0.212655, 0.977127, -4.79422, 2.93761, -9.08971)
mesh = SubResource("BoxMesh_1go43")
skeleton = NodePath("../..")

[node name="CourseDecor" type="Node3D" parent="LevelGroup4"]

[node name="SpotLight3D2" type="SpotLight3D" parent="LevelGroup4/CourseDecor"]
transform = Transform3D(0.725374, 0.101745, -0.680794, 0, 0.989016, 0.147809, 0.688355, -0.107217, 0.717406, -9.40703, 7.89072, 7.54414)
light_color = Color(1, 1, 0.898039, 1)
light_energy = 16.0
shadow_enabled = true
shadow_blur = 0.9
spot_range = 50.0
spot_attenuation = 0.353554
spot_angle = 10.0

[node name="SpotLight3D" type="SpotLight3D" parent="LevelGroup4/CourseDecor"]
transform = Transform3D(1, 0, 0, 0, -4.37114e-08, 1, 0, -1, -4.37114e-08, 0.591286, 28.7722, -9.03057)
light_color = Color(0.984314, 0.976471, 0, 1)
light_energy = 12.0
shadow_enabled = true
spot_range = 35.0
spot_attenuation = 0.965936
spot_angle = 30.0
spot_angle_attenuation = 0.615572
